O: 0.1656968, 0.4882543, 0.2202636
X: 0.0809912, 0.4186054, 0.2154134
Y: 0.2596883, 0.3956782, 0.2286461